5 1 2 9 8 7 4 3 6
9 8 7 4 3 6 5 1 2
4 3 6 5 1 2 9 8 7
1 2 9 8 7 4 3 6 5
8 7 4 3 6 5 1 2 9
3 6 5 1 2 9 8 7 4
2 9 8 7 4 3 6 5 1
7 4 3 6 5 1 2 9 8
6 5 1 2 9 8 7 4 3
number of answers : 1

5 1 2 9 8 7 4 3 6
9 8 7 4 3 6 5 1 2
4 3 6 5 1 2 9 8 7
1 2 9 8 7 4 3 6 5
8 7 4 3 6 5 1 2 9
3 6 5 1 2 9 8 7 4
2 9 8 7 4 3 6 5 1
6 5 1 2 9 8 7 4 3
7 4 3 6 5 1 2 9 8
number of answers : 1

5 1 2 9 8 7 4 3 6
9 8 7 4 3 6 5 1 2
4 3 6 5 1 2 9 8 7
1 2 9 8 7 4 3 6 5
8 7 4 3 6 5 1 2 9
3 6 5 1 2 9 8 7 4
7 4 3 6 5 1 2 9 8
2 9 8 7 4 3 6 5 1
6 5 1 2 9 8 7 4 3
number of answers : 1

9 1 2 5 8 7 4 3 6
5 8 7 4 3 6 9 1 2
4 3 6 9 1 2 5 8 7
1 2 9 8 7 4 3 6 5
8 7 4 3 6 5 1 2 9
3 6 5 1 2 9 8 7 4
7 4 3 6 5 1 2 9 8
6 5 1 2 9 8 7 4 3
2 9 8 7 4 3 6 5 1
number of answers : 6

5 1 2 9 8 7 4 3 6
9 8 7 4 3 6 5 1 2
4 3 6 5 1 2 9 8 7
1 2 9 8 7 4 3 6 5
8 7 4 3 6 5 1 2 9
3 6 5 1 2 9 8 7 4
6 5 1 2 9 8 7 4 3
7 4 3 6 5 1 2 9 8
2 9 8 7 4 3 6 5 1
number of answers : 1

5 8 2 9 1 3 7 4 6
9 3 7 8 4 6 5 1 2
4 1 6 5 7 2 9 8 3
1 2 9 7 8 4 3 6 5
8 7 4 3 6 5 1 2 9
3 6 5 1 2 9 8 7 4
6 5 1 2 9 8 4 3 7
2 9 8 4 3 7 6 5 1
7 4 3 6 5 1 2 9 8
number of answers : 29

5 1 2 9 8 7 4 3 6
9 8 7 4 3 6 5 1 2
4 3 6 5 1 2 9 8 7
1 2 9 8 7 4 3 6 5
3 6 5 1 2 9 8 7 4
8 7 4 3 6 5 1 2 9
2 9 8 7 4 3 6 5 1
7 4 3 6 5 1 2 9 8
6 5 1 2 9 8 7 4 3
number of answers : 1

5 1 2 9 8 7 4 3 6
9 7 8 4 3 6 5 1 2
4 3 6 5 1 2 7 8 9
1 2 9 8 7 4 3 6 5
3 6 5 1 2 9 8 7 4
7 8 4 3 6 5 9 2 1
2 9 1 7 4 3 6 5 8
6 5 3 2 9 8 1 4 7
8 4 7 6 5 1 2 9 3
number of answers : 11

5 8 2 7 9 4 6 3 1
9 1 7 8 3 6 4 5 2
4 3 6 5 1 2 9 8 7
1 2 9 4 7 8 3 6 5
3 6 5 1 2 9 8 7 4
8 7 4 3 6 5 1 2 9
7 4 3 6 5 1 2 9 8
2 5 8 9 4 3 7 1 6
6 9 1 2 8 7 5 4 3
number of answers : 133

5 2 7 9 3 8 4 1 6
1 8 9 4 6 7 5 3 2
4 3 6 5 1 2 9 8 7
9 1 2 8 7 4 3 6 5
3 6 5 1 2 9 8 7 4
8 7 4 3 5 6 1 2 9
7 4 3 6 9 1 2 5 8
6 5 8 2 4 3 7 9 1
2 9 1 7 8 5 6 4 3
number of answers : 362

5 1 2 9 8 7 4 3 6
9 8 7 4 3 6 5 1 2
4 3 6 5 1 2 9 8 7
1 2 9 8 7 4 3 6 5
3 6 5 1 2 9 8 7 4
8 7 4 3 6 5 1 2 9
6 5 1 2 9 8 7 4 3
7 4 3 6 5 1 2 9 8
2 9 8 7 4 3 6 5 1
number of answers : 1

5 1 2 9 8 7 4 3 6
9 8 7 4 3 6 5 1 2
4 3 6 5 1 2 9 8 7
1 2 9 8 7 4 3 6 5
3 6 5 1 2 9 8 7 4
8 7 4 3 6 5 1 2 9
6 5 1 2 9 8 7 4 3
2 9 8 7 4 3 6 5 1
7 4 3 6 5 1 2 9 8
number of answers : 1

9 8 1 6 3 7 4 2 5
7 5 2 4 8 9 1 3 6
4 3 6 5 1 2 9 8 7
8 4 7 3 6 5 2 1 9
1 2 9 8 7 4 5 6 3
3 6 5 9 2 1 8 7 4
2 9 8 7 4 3 6 5 1
6 7 4 1 5 8 3 9 2
5 1 3 2 9 6 7 4 8
number of answers exceed 10000

5 1 2 9 8 7 4 3 6
9 8 7 4 3 6 5 1 2
4 3 6 5 1 2 9 8 7
8 7 4 3 6 5 1 2 9
1 2 9 8 7 4 3 6 5
3 6 5 1 2 9 8 7 4
2 9 8 7 4 3 6 5 1
6 5 1 2 9 8 7 4 3
7 4 3 6 5 1 2 9 8
number of answers : 1

5 8 2 9 3 7 4 6 1
9 1 7 4 8 6 5 3 2
4 3 6 5 1 2 9 8 7
8 7 4 3 6 5 1 2 9
1 2 9 8 7 4 3 5 6
3 6 5 1 2 9 8 7 4
7 4 3 6 5 1 2 9 8
2 9 8 7 4 3 6 1 5
6 5 1 2 9 8 7 4 3
number of answers : 3

5 1 2 9 8 7 4 3 6
9 8 7 4 3 6 5 1 2
4 3 6 5 1 2 9 8 7
8 7 5 3 6 9 1 2 4
1 2 9 8 7 4 3 6 5
3 6 4 1 2 5 8 7 9
7 4 3 6 5 1 2 9 8
6 5 1 2 9 8 7 4 3
2 9 8 7 4 3 6 5 1
number of answers : 2

5 1 2 9 8 7 4 3 6
9 8 7 4 3 6 5 1 2
4 3 6 5 1 2 9 8 7
8 7 4 3 6 5 1 2 9
1 2 9 8 7 4 3 6 5
3 6 5 1 2 9 8 7 4
6 5 1 2 9 8 7 4 3
7 4 3 6 5 1 2 9 8
2 9 8 7 4 3 6 5 1
number of answers : 3

5 1 8 7 2 9 6 3 4
9 7 6 4 8 3 5 1 2
4 3 2 5 6 1 9 8 7
7 8 4 6 3 5 1 2 9
1 2 9 8 7 4 3 5 6
3 6 5 9 1 2 4 7 8
6 5 1 2 9 8 7 4 3
2 9 3 1 4 7 8 6 5
8 4 7 3 5 6 2 9 1
number of answers : 295

8 1 9 4 5 7 2 6 3
3 2 7 6 8 9 5 4 1
4 6 5 3 1 2 9 8 7
6 7 4 8 3 5 1 2 9
9 5 3 1 2 6 8 7 4
1 8 2 9 7 4 3 5 6
2 9 8 7 4 3 6 1 5
7 3 1 5 6 8 4 9 2
5 4 6 2 9 1 7 3 8
number of answers exceed 10000

5 1 2 9 8 7 4 3 6
9 8 7 4 3 6 5 1 2
4 3 6 5 1 2 9 8 7
8 7 4 3 6 5 1 2 9
3 6 5 1 2 9 8 7 4
1 2 9 8 7 4 3 6 5
2 9 8 7 4 3 6 5 1
6 5 1 2 9 8 7 4 3
7 4 3 6 5 1 2 9 8
number of answers : 1

5 1 2 9 8 7 4 3 6
9 8 7 4 3 6 5 1 2
4 3 6 5 1 2 9 8 7
8 7 4 3 6 5 1 2 9
3 6 5 1 2 9 8 7 4
1 2 9 8 7 4 3 6 5
2 9 8 7 4 3 6 5 1
6 5 1 2 9 8 7 4 3
7 4 3 6 5 1 2 9 8
number of answers : 1

5 1 2 9 8 7 4 3 6
9 8 7 4 3 6 5 1 2
4 3 6 5 1 2 9 8 7
1 2 9 8 7 4 3 6 5
8 7 4 3 6 5 1 2 9
3 6 5 1 2 9 8 7 4
2 9 8 7 4 3 6 5 1
7 4 3 6 5 1 2 9 8
6 5 1 2 9 8 7 4 3
number of answers : 1

5 1 2 9 8 7 4 3 6
9 8 7 4 3 6 5 1 2
4 3 6 5 1 2 9 8 7
1 2 9 8 7 4 3 6 5
8 7 4 3 6 5 1 2 9
3 6 5 1 2 9 8 7 4
2 9 8 7 4 3 6 5 1
6 5 1 2 9 8 7 4 3
7 4 3 6 5 1 2 9 8
number of answers : 1

9 7 2 5 8 3 4 1 6
1 4 8 7 9 6 5 2 3
3 6 5 4 1 2 9 8 7
5 2 1 8 7 4 3 6 9
8 9 4 3 6 5 1 7 2
6 3 7 1 2 9 8 4 5
7 5 3 6 4 1 2 9 8
4 8 9 2 3 7 6 5 1
2 1 6 9 5 8 7 3 4
number of answers exceed 10000

5 1 2 9 8 7 4 3 6
9 8 7 4 3 6 5 1 2
4 3 6 5 1 2 9 8 7
1 2 9 8 7 4 3 6 5
8 7 4 3 6 5 1 2 9
3 6 5 1 2 9 8 7 4
7 4 3 6 5 1 2 9 8
6 5 1 2 9 8 7 4 3
2 9 8 7 4 3 6 5 1
number of answers : 1

5 1 2 9 8 7 4 3 6
9 8 7 4 3 6 5 1 2
4 3 6 5 1 2 9 8 7
1 2 9 8 7 4 3 6 5
8 7 4 3 6 5 1 2 9
3 6 5 1 2 9 8 7 4
6 5 1 2 9 8 7 4 3
7 4 3 6 5 1 2 9 8
2 9 8 7 4 3 6 5 1
number of answers : 1

7 2 1 9 8 6 5 3 4
9 5 8 4 3 7 6 1 2
4 3 6 5 1 2 9 8 7
2 1 9 8 7 4 3 6 5
8 7 4 3 6 5 1 2 9
3 6 5 1 2 9 7 4 8
6 4 7 2 9 3 8 5 1
1 9 2 6 5 8 4 7 3
5 8 3 7 4 1 2 9 6
number of answers exceed 10000

9 3 7 4 8 6 5 1 2
5 8 2 9 1 7 4 3 6
4 1 6 5 3 2 9 8 7
1 2 9 8 7 4 3 6 5
3 6 5 1 2 9 8 7 4
8 7 4 3 6 5 1 2 9
2 9 8 7 4 3 6 5 1
6 4 1 2 5 8 7 9 3
7 5 3 6 9 1 2 4 8
number of answers : 1596

4 8 2 9 3 7 5 1 6
5 1 7 6 4 8 9 3 2
9 3 6 5 1 2 8 4 7
1 2 9 8 7 4 3 6 5
3 6 5 1 2 9 4 7 8
8 7 4 3 6 5 1 2 9
7 4 8 2 9 3 6 5 1
2 5 1 4 8 6 7 9 3
6 9 3 7 5 1 2 8 4
number of answers : 1544

5 1 2 9 8 7 4 3 6
9 8 7 4 3 6 5 1 2
4 3 6 5 1 2 9 8 7
1 2 9 8 7 4 3 6 5
3 6 5 1 2 9 8 7 4
8 7 4 3 6 5 1 2 9
7 4 3 6 5 1 2 9 8
2 9 8 7 4 3 6 5 1
6 5 1 2 9 8 7 4 3
number of answers : 1

5 1 2 9 8 7 4 3 6
9 8 7 4 3 6 5 1 2
4 3 6 5 1 2 9 8 7
1 2 9 8 7 4 3 6 5
3 6 5 1 2 9 8 7 4
8 7 4 3 6 5 1 2 9
7 4 3 6 5 1 2 9 8
6 5 1 2 9 8 7 4 3
2 9 8 7 4 3 6 5 1
number of answers : 1

5 1 7 9 8 6 4 3 2
2 9 8 7 3 4 5 1 6
4 3 6 5 1 2 9 8 7
1 2 9 8 4 7 3 6 5
3 6 5 1 2 9 8 7 4
8 7 4 3 6 5 1 2 9
6 5 1 2 9 3 7 4 8
7 4 3 6 5 8 2 9 1
9 8 2 4 7 1 6 5 3
number of answers : 2909

9 4 1 5 7 8 2 3 6
2 8 7 4 3 6 5 1 9
5 3 6 1 2 9 4 8 7
1 2 9 8 4 7 3 6 5
3 6 5 9 1 2 8 7 4
8 7 4 3 6 5 9 2 1
6 5 3 2 9 1 7 4 8
4 1 8 7 5 3 6 9 2
7 9 2 6 8 4 1 5 3
number of answers : 117

5 1 2 9 8 7 4 3 6
9 8 7 4 3 6 5 1 2
4 3 6 5 1 2 9 8 7
8 7 4 3 6 5 1 2 9
1 2 9 8 7 4 3 6 5
3 6 5 1 2 9 8 7 4
2 9 8 7 4 3 6 5 1
7 4 3 6 5 1 2 9 8
6 5 1 2 9 8 7 4 3
number of answers : 1

5 1 2 9 8 7 4 3 6
9 8 7 4 3 6 5 1 2
4 3 6 5 1 2 9 8 7
8 7 4 3 6 5 1 2 9
1 2 9 8 7 4 3 6 5
3 6 5 1 2 9 8 7 4
2 9 8 7 4 3 6 5 1
6 5 1 2 9 8 7 4 3
7 4 3 6 5 1 2 9 8
number of answers : 1

5 7 2 9 1 8 4 3 6
9 3 8 4 6 7 5 1 2
4 1 6 5 3 2 9 8 7
8 4 7 3 5 6 1 2 9
1 2 9 8 7 4 3 6 5
3 6 5 1 2 9 8 7 4
7 5 3 6 9 1 2 4 8
2 9 4 7 8 3 6 5 1
6 8 1 2 4 5 7 9 3
number of answers : 362

4 1 2 7 8 6 9 3 5
9 8 7 4 3 5 6 1 2
5 3 6 9 1 2 4 8 7
8 7 4 5 6 3 1 2 9
1 2 9 8 4 7 3 5 6
3 6 5 1 2 9 8 7 4
7 4 3 6 5 1 2 9 8
6 5 1 2 9 8 7 4 3
2 9 8 3 7 4 5 6 1
number of answers : 24

5 1 2 9 8 7 4 3 6
9 8 7 4 3 6 5 1 2
4 3 6 5 1 2 9 8 7
8 7 4 3 6 5 1 2 9
1 2 9 8 7 4 3 6 5
3 6 5 1 2 9 8 7 4
6 5 1 2 9 8 7 4 3
7 4 3 6 5 1 2 9 8
2 9 8 7 4 3 6 5 1
number of answers : 3

5 1 2 9 8 7 4 3 6
9 8 7 4 3 6 5 1 2
4 3 6 5 1 2 9 8 7
8 7 4 3 6 5 1 2 9
1 2 9 8 7 4 3 6 5
3 6 5 1 2 9 8 7 4
6 5 1 2 9 8 7 4 3
2 9 8 7 4 3 6 5 1
7 4 3 6 5 1 2 9 8
number of answers : 1

4 2 9 7 6 3 5 1 8
7 8 1 5 9 4 6 3 2
5 3 6 8 1 2 9 4 7
3 7 5 6 4 8 1 2 9
9 6 2 1 3 5 8 7 4
8 1 4 2 7 9 3 6 5
2 9 7 3 8 6 4 5 1
1 4 3 9 5 7 2 8 6
6 5 8 4 2 1 7 9 3
number of answers exceed 10000

8 2 7 9 6 4 5 1 3
5 1 9 3 8 7 4 6 2
4 3 6 5 1 2 9 7 8
9 7 4 8 3 5 1 2 6
3 6 5 1 2 9 8 4 7
1 8 2 4 7 6 3 9 5
2 9 8 6 4 3 7 5 1
7 5 1 2 9 8 6 3 4
6 4 3 7 5 1 2 8 9
number of answers : 1012

5 1 2 9 8 7 4 3 6
9 8 7 4 3 6 5 1 2
4 3 6 5 1 2 9 8 7
8 7 4 3 6 5 1 2 9
3 6 5 1 2 9 8 7 4
1 2 9 8 7 4 3 6 5
2 9 8 7 4 3 6 5 1
6 5 1 2 9 8 7 4 3
7 4 3 6 5 1 2 9 8
number of answers : 2

5 1 2 9 8 7 4 3 6
9 8 7 4 3 6 5 1 2
4 3 6 5 1 2 9 8 7
1 2 9 8 7 4 3 6 5
8 7 4 3 6 5 1 2 9
3 6 5 1 2 9 8 7 4
2 9 8 7 4 3 6 5 1
7 4 3 6 5 1 2 9 8
6 5 1 2 9 8 7 4 3
number of answers : 1

5 1 2 9 8 7 4 3 6
9 8 7 4 3 6 5 1 2
4 3 6 5 1 2 9 8 7
1 2 9 8 7 4 3 6 5
8 7 4 3 6 5 1 2 9
3 6 5 1 2 9 8 7 4
2 9 8 7 4 3 6 5 1
6 5 1 2 9 8 7 4 3
7 4 3 6 5 1 2 9 8
number of answers : 1

5 3 8 4 9 6 7 1 2
6 9 2 7 1 8 5 3 4
4 1 7 5 3 2 9 8 6
1 2 9 8 7 4 3 6 5
8 7 4 3 6 5 1 2 9
3 5 6 1 2 9 4 7 8
2 4 3 6 5 1 8 9 7
7 6 5 9 8 3 2 4 1
9 8 1 2 4 7 6 5 3
number of answers exceed 10000

5 9 7 4 3 2 6 1 8
1 8 4 9 6 7 3 2 5
2 3 6 5 1 8 9 4 7
4 2 9 7 8 5 1 6 3
8 7 1 3 2 6 4 5 9
3 6 5 1 9 4 8 7 2
7 1 3 6 5 9 2 8 4
6 5 8 2 4 3 7 9 1
9 4 2 8 7 1 5 3 6
number of answers exceed 10000

5 3 2 9 8 7 4 1 6
9 8 7 4 1 6 5 3 2
4 1 6 5 3 2 9 8 7
1 2 9 8 7 4 3 6 5
8 7 4 3 6 5 1 2 9
3 6 5 1 2 9 8 7 4
6 5 1 2 9 8 7 4 3
7 4 3 6 5 1 2 9 8
2 9 8 7 4 3 6 5 1
number of answers : 15

5 3 2 9 8 7 4 1 6
9 1 7 4 3 6 5 8 2
4 8 6 5 1 2 9 3 7
1 2 9 8 7 4 3 6 5
8 7 4 3 6 5 1 2 9
3 6 5 1 2 9 8 7 4
6 5 1 2 9 8 7 4 3
2 9 8 7 4 3 6 5 1
7 4 3 6 5 1 2 9 8
number of answers : 9

5 1 2 9 8 7 4 3 6
9 8 7 4 3 6 5 1 2
4 3 6 5 1 2 9 8 7
1 2 9 8 7 4 3 6 5
3 6 5 1 2 9 8 7 4
8 7 4 3 6 5 1 2 9
2 9 8 7 4 3 6 5 1
7 4 3 6 5 1 2 9 8
6 5 1 2 9 8 7 4 3
number of answers : 2

5 1 2 9 8 7 4 3 6
9 8 7 4 3 6 5 1 2
4 3 6 5 1 2 9 8 7
1 2 9 8 7 4 3 6 5
3 6 5 1 2 9 8 7 4
8 7 4 3 6 5 1 2 9
2 9 8 7 4 3 6 5 1
6 5 1 2 9 8 7 4 3
7 4 3 6 5 1 2 9 8
number of answers : 1

5 1 2 7 9 8 4 3 6
9 8 7 4 3 6 5 1 2
4 3 6 5 1 2 9 8 7
1 2 9 8 7 4 3 6 5
3 6 5 1 2 9 8 7 4
8 7 4 3 6 5 1 2 9
7 4 3 6 5 1 2 9 8
6 9 8 2 4 3 7 5 1
2 5 1 9 8 7 6 4 3
number of answers : 6

5 1 7 9 8 6 4 2 3
2 8 9 4 7 3 5 1 6
4 3 6 5 1 2 9 8 7
1 9 4 8 2 7 3 6 5
3 6 5 1 4 9 8 7 2
8 7 2 3 6 5 1 4 9
7 4 3 6 5 1 2 9 8
6 5 1 2 9 8 7 3 4
9 2 8 7 3 4 6 5 1
number of answers : 13

2 9 8 7 4 3 6 5 1
5 1 7 9 8 6 4 3 2
4 3 6 5 1 2 9 8 7
1 2 9 8 7 4 3 6 5
3 6 5 1 2 9 8 7 4
8 7 4 3 6 5 1 2 9
6 5 1 2 9 8 7 4 3
7 4 2 6 3 1 5 9 8
9 8 3 4 5 7 2 1 6
number of answers : 224

9 7 3 6 8 2 4 5 1
5 8 4 9 1 7 3 2 6
1 2 6 3 5 4 9 8 7
2 1 9 8 7 3 5 6 4
3 4 5 1 6 9 8 7 2
8 6 7 4 2 5 1 3 9
6 5 1 2 9 8 7 4 3
4 9 8 7 3 6 2 1 5
7 3 2 5 4 1 6 9 8
number of answers exceed 10000

7 8 2 3 9 1 4 5 6
9 5 6 4 8 7 1 2 3
3 4 1 6 5 2 9 8 7
8 3 4 2 6 5 7 1 9
1 2 9 8 7 4 3 6 5
6 7 5 1 3 9 8 4 2
2 9 8 5 4 3 6 7 1
4 1 3 7 2 6 5 9 8
5 6 7 9 1 8 2 3 4
number of answers exceed 10000

5 1 2 9 8 7 4 3 6
9 8 7 4 3 6 5 1 2
4 3 6 5 1 2 9 8 7
8 7 4 3 6 5 1 2 9
1 2 9 8 7 4 3 6 5
3 6 5 1 2 9 8 7 4
2 9 8 7 4 3 6 5 1
6 5 1 2 9 8 7 4 3
7 4 3 6 5 1 2 9 8
number of answers : 1

2 5 1 9 8 7 4 3 6
9 8 7 4 3 6 5 1 2
4 3 6 5 1 2 9 8 7
8 7 4 3 6 5 1 2 9
1 2 9 8 7 4 3 6 5
3 6 5 1 2 9 8 7 4
7 4 8 6 5 1 2 9 3
5 1 2 7 9 3 6 4 8
6 9 3 2 4 8 7 5 1
number of answers : 5

5 1 2 9 8 7 4 3 6
9 8 7 4 3 6 5 1 2
4 3 6 5 1 2 9 8 7
8 7 4 3 6 5 1 2 9
1 2 9 8 7 4 3 6 5
3 6 5 1 2 9 8 7 4
7 4 3 6 5 1 2 9 8
6 5 1 2 9 8 7 4 3
2 9 8 7 4 3 6 5 1
number of answers : 1

5 3 2 9 8 7 4 6 1
9 8 7 4 1 6 5 3 2
4 1 6 5 3 2 9 8 7
8 7 4 3 6 5 1 2 9
1 2 9 8 7 4 3 5 6
3 6 5 1 2 9 8 7 4
6 5 1 2 9 8 7 4 3
7 4 3 6 5 1 2 9 8
2 9 8 7 4 3 6 1 5
number of answers : 3

5 8 2 9 3 7 4 1 6
9 1 7 4 8 6 5 3 2
4 3 6 5 1 2 9 8 7
8 7 4 3 6 5 1 2 9
1 2 9 8 7 4 3 6 5
3 6 5 1 2 9 8 7 4
6 5 1 2 9 8 7 4 3
2 9 8 7 4 3 6 5 1
7 4 3 6 5 1 2 9 8
number of answers : 2

5 1 2 9 8 7 4 3 6
9 8 7 4 3 6 5 1 2
4 3 6 5 1 2 9 8 7
8 7 4 3 6 5 1 2 9
3 6 5 1 2 9 8 7 4
1 2 9 8 7 4 3 6 5
2 9 1 7 4 3 6 5 8
7 4 3 6 5 8 2 9 1
6 5 8 2 9 1 7 4 3
number of answers : 30

5 1 2 9 8 7 4 3 6
9 8 7 4 3 6 5 1 2
4 3 6 5 1 2 9 8 7
8 7 4 3 6 5 1 2 9
3 6 5 1 2 9 8 7 4
1 2 9 8 7 4 3 6 5
2 9 8 7 4 3 6 5 1
6 5 1 2 9 8 7 4 3
7 4 3 6 5 1 2 9 8
number of answers : 1

9 8 2 4 6 1 5 3 7
5 4 6 3 8 7 9 1 2
7 3 1 9 5 2 4 8 6
8 7 4 6 3 5 1 2 9
3 6 5 2 1 9 8 7 4
1 2 9 8 7 4 3 6 5
2 5 8 7 4 3 6 9 1
6 1 7 5 9 8 2 4 3
4 9 3 1 2 6 7 5 8
number of answers exceed 10000

5 1 2 9 8 7 4 3 6
9 8 7 4 3 6 5 1 2
4 3 6 5 1 2 9 8 7
1 2 9 8 7 4 3 6 5
8 7 4 3 6 5 1 2 9
3 6 5 1 2 9 8 7 4
2 9 8 7 4 3 6 5 1
7 4 3 6 5 1 2 9 8
6 5 1 2 9 8 7 4 3
number of answers : 1

1 2 5 8 7 4 6 9 3
7 8 4 9 3 6 5 1 2
9 3 6 5 1 2 4 8 7
4 1 9 2 8 7 3 6 5
8 7 3 4 6 5 1 2 9
5 6 2 3 9 1 8 7 4
6 9 8 7 4 3 2 5 1
2 4 1 6 5 9 7 3 8
3 5 7 1 2 8 9 4 6
number of answers : 5849

2 3 1 5 9 8 4 6 7
9 8 7 4 3 6 5 1 2
4 5 6 2 1 7 9 8 3
1 2 9 8 7 4 3 5 6
8 7 4 3 6 5 1 2 9
3 6 5 1 2 9 8 7 4
7 4 3 6 5 1 2 9 8
5 9 2 7 8 3 6 4 1
6 1 8 9 4 2 7 3 5
number of answers : 302

5 1 2 9 8 7 4 3 6
9 8 7 4 3 6 5 1 2
4 3 6 5 1 2 9 8 7
1 2 9 8 7 4 3 6 5
8 7 4 3 6 5 1 2 9
3 6 5 1 2 9 8 7 4
7 9 3 6 4 1 2 5 8
6 5 1 2 9 8 7 4 3
2 4 8 7 5 3 6 9 1
number of answers : 2

5 9 2 4 8 7 6 3 1
8 4 1 9 3 6 5 7 2
7 3 6 5 1 2 9 8 4
1 2 9 8 7 4 3 6 5
4 7 8 3 6 5 1 2 9
3 6 5 1 2 9 8 4 7
6 5 4 2 9 8 7 1 3
9 8 3 7 4 1 2 5 6
2 1 7 6 5 3 4 9 8
number of answers exceed 10000

4 9 8 7 5 1 2 3 6
6 7 1 9 3 2 4 5 8
5 2 3 4 8 6 9 1 7
9 1 2 8 7 4 3 6 5
8 4 7 3 6 5 1 2 9
3 6 5 1 2 9 8 7 4
1 5 6 2 9 8 7 4 3
2 3 9 6 4 7 5 8 1
7 8 4 5 1 3 6 9 2
number of answers exceed 10000

5 1 2 9 8 7 4 3 6
9 8 7 4 3 6 5 1 2
4 3 6 5 1 2 9 8 7
1 2 9 8 7 4 3 6 5
3 6 5 1 2 9 8 7 4
8 7 4 3 6 5 1 2 9
2 9 8 7 4 3 6 5 1
7 4 3 6 5 1 2 9 8
6 5 1 2 9 8 7 4 3
number of answers : 1

5 1 2 9 8 7 4 3 6
9 8 7 4 3 6 5 1 2
4 3 6 5 1 2 9 8 7
1 2 9 8 7 4 3 6 5
3 6 5 1 2 9 8 7 4
8 7 4 3 6 5 1 2 9
2 9 8 7 4 3 6 5 1
6 5 1 2 9 8 7 4 3
7 4 3 6 5 1 2 9 8
number of answers : 3

5 1 2 9 8 7 4 3 6
9 8 7 4 3 6 5 1 2
4 3 6 5 1 2 9 8 7
1 2 9 8 7 4 3 6 5
3 6 5 1 2 9 8 7 4
8 7 4 3 6 5 1 2 9
7 4 3 6 5 1 2 9 8
2 9 8 7 4 3 6 5 1
6 5 1 2 9 8 7 4 3
number of answers : 1

4 1 7 2 9 8 6 5 3
5 9 8 7 3 6 4 1 2
2 3 6 5 1 4 9 8 7
1 2 9 8 4 7 5 3 6
3 6 5 1 2 9 8 7 4
8 7 4 3 6 5 1 2 9
7 4 1 6 5 2 3 9 8
6 5 2 9 8 3 7 4 1
9 8 3 4 7 1 2 6 5
number of answers exceed 10000

5 1 2 7 9 8 4 3 6
9 8 7 4 3 6 5 1 2
4 3 6 5 1 2 9 8 7
1 2 9 8 7 4 3 6 5
3 6 5 1 2 9 8 7 4
8 7 4 3 6 5 1 2 9
6 4 1 9 8 7 2 5 3
2 9 3 6 5 1 7 4 8
7 5 8 2 4 3 6 9 1
number of answers : 666

5 1 2 9 8 7 4 3 6
9 8 7 4 3 6 5 1 2
4 3 6 5 1 2 9 8 7
1 2 9 8 7 4 3 6 5
3 6 5 1 2 9 8 7 4
8 7 4 3 6 5 1 2 9
6 5 1 2 9 8 7 4 3
2 9 8 7 4 3 6 5 1
7 4 3 6 5 1 2 9 8
number of answers : 1

5 1 2 9 8 7 4 3 6
9 8 7 4 3 6 5 1 2
4 3 6 5 1 2 9 8 7
8 7 4 3 6 5 1 2 9
1 2 9 8 7 4 3 6 5
3 6 5 1 2 9 8 7 4
2 9 8 7 4 3 6 5 1
7 4 3 6 5 1 2 9 8
6 5 1 2 9 8 7 4 3
number of answers : 1

5 1 2 9 8 7 4 3 6
9 8 7 4 3 6 5 1 2
4 3 6 5 1 2 9 8 7
8 7 4 3 6 5 1 2 9
1 2 9 8 7 4 3 6 5
3 6 5 1 2 9 8 7 4
2 9 8 7 4 3 6 5 1
6 5 1 2 9 8 7 4 3
7 4 3 6 5 1 2 9 8
number of answers : 2

5 1 2 9 8 7 4 3 6
9 8 7 4 3 6 5 1 2
4 3 6 5 1 2 9 8 7
8 7 4 3 6 5 1 2 9
1 2 9 8 7 4 3 6 5
3 6 5 1 2 9 8 7 4
7 4 3 6 5 1 2 9 8
2 9 8 7 4 3 6 5 1
6 5 1 2 9 8 7 4 3
number of answers : 1

4 1 2 9 8 7 5 3 6
5 8 7 4 3 6 9 1 2
9 3 6 5 1 2 4 8 7
8 7 4 3 6 5 1 2 9
1 2 9 8 7 4 3 6 5
3 6 5 1 2 9 8 7 4
7 4 8 6 5 1 2 9 3
6 5 1 2 9 3 7 4 8
2 9 3 7 4 8 6 5 1
number of answers : 24

5 3 6 9 8 7 4 1 2
9 8 7 2 1 4 5 3 6
4 1 2 5 3 6 9 8 7
8 7 4 3 6 5 1 2 9
1 2 9 7 4 8 3 6 5
3 6 5 1 2 9 8 7 4
6 5 1 8 9 2 7 4 3
7 4 8 6 5 3 2 9 1
2 9 3 4 7 1 6 5 8
number of answers : 3536

9 5 2 4 8 7 6 3 1
8 1 7 9 3 6 4 5 2
4 3 6 5 1 2 9 8 7
7 8 4 3 6 5 1 2 9
1 2 9 8 7 4 3 6 5
3 6 5 1 2 9 8 7 4
5 7 1 6 9 8 2 4 3
2 9 8 7 4 3 5 1 6
6 4 3 2 5 1 7 9 8
number of answers : 40

9 1 8 5 3 7 2 6 4
4 2 7 6 9 8 1 3 5
5 3 6 4 1 2 9 8 7
8 7 1 3 6 5 4 2 9
3 4 5 1 2 9 8 7 6
2 6 9 8 7 4 5 1 3
1 9 2 7 4 3 6 5 8
7 8 4 2 5 6 3 9 1
6 5 3 9 8 1 7 4 2
number of answers exceed 10000

4 1 2 9 8 7 5 3 6
9 8 7 5 3 6 4 1 2
5 3 6 4 1 2 9 8 7
8 7 4 3 6 5 1 2 9
3 6 5 1 2 9 8 7 4
1 2 9 8 7 4 3 6 5
2 9 8 7 4 3 6 5 1
6 5 1 2 9 8 7 4 3
7 4 3 6 5 1 2 9 8
number of answers : 34

5 1 2 9 8 7 4 3 6
9 8 7 4 3 6 5 1 2
4 3 6 5 1 2 9 8 7
8 7 4 3 6 5 1 2 9
3 6 5 1 2 9 8 7 4
1 2 9 8 7 4 3 6 5
2 9 8 7 4 3 6 5 1
6 5 1 2 9 8 7 4 3
7 4 3 6 5 1 2 9 8
number of answers : 1

9 8 7 5 1 2 4 3 6
5 3 6 7 4 8 9 1 2
4 1 2 9 3 6 5 8 7
1 2 9 8 7 4 3 6 5
8 7 4 3 6 5 1 2 9
3 6 5 1 2 9 8 7 4
2 4 8 6 9 3 7 5 1
6 5 1 4 8 7 2 9 3
7 9 3 2 5 1 6 4 8
number of answers exceed 10000

3 5 7 9 1 8 6 4 2
9 8 2 4 6 7 5 1 3
4 1 6 5 3 2 9 8 7
1 2 9 8 7 4 3 6 5
7 6 4 3 5 9 1 2 8
8 3 5 6 2 1 4 7 9
2 9 8 1 4 3 7 5 6
6 7 1 2 9 5 8 3 4
5 4 3 7 8 6 2 9 1
number of answers : 8236

5 1 2 9 8 7 4 3 6
9 8 7 4 3 6 5 1 2
4 3 6 5 1 2 9 8 7
1 2 9 8 7 4 3 6 5
8 7 4 3 6 5 1 2 9
3 6 5 1 2 9 8 7 4
7 4 3 6 5 1 2 9 8
2 9 8 7 4 3 6 5 1
6 5 1 2 9 8 7 4 3
number of answers : 1

9 2 7 4 8 6 5 3 1
5 8 1 7 9 3 6 4 2
4 3 6 5 1 2 9 8 7
2 1 9 8 7 4 3 6 5
8 7 4 3 6 5 1 2 9
3 6 5 1 2 9 4 7 8
7 4 8 6 5 1 2 9 3
6 5 2 9 3 7 8 1 4
1 9 3 2 4 8 7 5 6
number of answers : 9016

5 1 2 9 8 7 4 3 6
9 8 7 4 3 6 5 1 2
4 3 6 5 1 2 9 8 7
1 2 9 8 7 4 3 6 5
8 7 4 3 6 5 1 2 9
3 6 5 1 2 9 8 7 4
6 5 1 2 4 8 7 9 3
7 4 3 6 9 1 2 5 8
2 9 8 7 5 3 6 4 1
number of answers : 3

7 4 5 9 8 1 6 3 2
9 8 6 7 3 2 5 1 4
3 1 2 4 5 6 9 8 7
1 2 9 8 7 4 3 6 5
8 7 4 3 6 5 1 2 9
5 6 3 1 2 9 4 7 8
4 3 1 2 9 8 7 5 6
2 5 7 6 4 3 8 9 1
6 9 8 5 1 7 2 4 3
number of answers exceed 10000

5 1 2 9 8 6 4 3 7
9 8 7 4 3 2 5 1 6
4 3 6 5 1 7 9 8 2
1 2 9 8 7 4 3 6 5
3 6 5 1 2 9 8 7 4
8 7 4 3 6 5 1 2 9
2 9 8 7 4 3 6 5 1
7 4 3 6 5 1 2 9 8
6 5 1 2 9 8 7 4 3
number of answers : 2

5 1 7 9 8 6 4 3 2
9 8 2 4 3 7 5 1 6
4 3 6 5 1 2 9 8 7
1 2 9 8 7 4 3 6 5
3 6 5 1 2 9 8 7 4
8 7 4 3 6 5 1 2 9
2 9 8 7 4 3 6 5 1
6 5 1 2 9 8 7 4 3
7 4 3 6 5 1 2 9 8
number of answers : 2

4 1 7 5 8 6 9 3 2
8 3 6 9 7 2 5 4 1
9 2 5 4 1 3 6 8 7
1 8 9 2 4 7 3 6 5
3 6 2 1 9 5 8 7 4
5 7 4 3 6 8 1 2 9
7 4 3 6 5 9 2 1 8
6 9 1 8 2 4 7 5 3
2 5 8 7 3 1 4 9 6
number of answers exceed 10000

5 1 2 9 8 7 3 4 6
9 8 7 4 3 6 5 1 2
6 4 3 5 1 2 9 8 7
1 2 9 8 7 4 6 3 5
3 6 5 1 2 9 8 7 4
8 7 4 3 6 5 1 2 9
7 9 8 6 4 1 2 5 3
4 5 1 2 9 3 7 6 8
2 3 6 7 5 8 4 9 1
number of answers : 8

5 1 2 9 8 7 4 3 6
9 8 7 4 3 6 5 1 2
4 3 6 5 1 2 9 8 7
1 2 9 8 7 4 3 6 5
3 6 5 1 2 9 8 7 4
8 7 4 3 6 5 1 2 9
6 5 1 2 9 8 7 4 3
7 4 3 6 5 1 2 9 8
2 9 8 7 4 3 6 5 1
number of answers : 1

5 1 2 9 8 7 4 3 6
9 8 7 4 3 6 5 1 2
4 3 6 5 1 2 9 8 7
1 2 9 8 7 4 3 6 5
3 6 5 1 2 9 8 7 4
8 7 4 3 6 5 1 2 9
6 4 1 2 5 8 7 9 3
2 9 8 7 4 3 6 5 1
7 5 3 6 9 1 2 4 8
number of answers : 7

5 1 2 9 8 7 4 3 6
9 8 7 4 3 6 5 1 2
4 3 6 5 1 2 9 8 7
8 7 4 3 6 5 1 2 9
1 2 9 8 7 4 3 6 5
3 6 5 1 2 9 8 7 4
2 9 8 7 4 3 6 5 1
7 4 3 6 5 1 2 9 8
6 5 1 2 9 8 7 4 3
number of answers : 1

5 1 2 9 8 7 4 3 6
9 8 7 4 3 6 5 1 2
4 3 6 5 1 2 9 8 7
8 7 4 3 6 5 1 2 9
1 2 9 8 7 4 3 6 5
3 6 5 1 2 9 8 7 4
2 9 8 7 4 3 6 5 1
6 5 1 2 9 8 7 4 3
7 4 3 6 5 1 2 9 8
number of answers : 1

5 1 2 9 8 7 4 3 6
9 8 7 4 3 6 5 1 2
4 3 6 5 1 2 9 8 7
8 7 4 3 6 5 1 2 9
1 2 9 8 7 4 3 6 5
3 6 5 1 2 9 8 7 4
7 4 3 6 5 1 2 9 8
2 9 8 7 4 3 6 5 1
6 5 1 2 9 8 7 4 3
number of answers : 1

5 1 2 9 8 7 4 3 6
9 8 7 4 3 6 5 1 2
4 3 6 5 1 2 9 8 7
8 7 4 3 6 5 1 2 9
1 2 9 8 7 4 3 6 5
3 6 5 1 2 9 8 7 4
7 4 3 6 5 1 2 9 8
6 5 1 2 9 8 7 4 3
2 9 8 7 4 3 6 5 1
number of answers : 1

